Voting utility in mandates:
{'KAHOL_LAVAN': 0.00011, 'LIKUD': 0.000102, 'HABAIT_HAYEHUDI': 0.000158,
 'HAYAMIN_HAHADASH': 0.000112, 'MERETZ': 0.000178, 'HAAVODA': 0.000152,
 'YAHADUT_HATORA': 0.000126, 'TAAL_HADASH': 0.000144, 'SHAS': 0.000126,
 'ZEHUT': 0.00014, 'KULANU': 0.00013, 'GESHER': 0.000104,
 'YISRAEL_BEITENU': 7.8e-05, 'RAAM_BALAD': 5.8e-05,
 'PETEK_LAVAN': 3.2e-05, None: 0}
